$ANSIBLE_VAULT;1.1;AES256
64363630323631626337303565373466366238663062396638323736316133323361393036306637
6134613733663064396166313136636432323561383063340a616265323162373965323931343939
63383861356530666539356466623663653832353239613532343666316631663064363032643134
3133353236396336380a313235613466643733656461366234636262306532643535373731663166
66333466396237656364373164306163616164646435633731303563383338386634623735376463
32636135663231653166363562393962303330306136306661663837303635353562633262666366
65393762356665626463353436306534303366316466383637633561646335666564393463316136
32343661643738366639363034323030623965356637306139346266326233613131323364636135
31633433366137623261313936656561633933386331353533633534633430346133373830326161
61313332393262393937383535393964313536613532616135343363366238653835633933396461
61346134363263613934646530323038353863383035356166653061313037616561396563316134
32376234383264313030353535646639653033313730363639643766376530306535366530626361
62623162616533383830363739346234616466323039333062376565393739616539383432326231
66373639653032616266346163646365373031396261653165333233363337633938366536376666
37396462633436376231613764666466333862393565633838653536633630633962653035383836
32666332326437653862663466346566333665623038646666616236613662626134626636666337
63336534336332303437396164646632353532366261316234383334616262306466393236376165
61356162616164653539343139643864363262653063623938653662373261303737373935663438
31643063316166623932633663393464336130366230333665626234326238616561346338313732
61353330666134343763613439633464383338336637306436323636336161353431356631393434
36653138316231656236303034333039643463643939313164633064376431316232363132653731
33366665313661623264346238396262623530316335313932613230303436386164303931616363
66343732383533633533303937653631633233663930366463363964333330373138373738333539
65636261633730653963383935393033383835656131313835636166363634396534323963613731
63353932656333633538333337333236626464383132343363363864363735613062346433346365
30333832633466383566643533383230373661343662316235666635343266373563346136363539
66393066666137663533643963653839666666633638666631313635336432333739393939313962
33393432353061356537
